2b6420 0 -1 29 14
2b6424 2 14 29 -1
2b6428 2 15 29 -1
2b642c 2 19 30 -1
2b6430 2 14 14 -1
2b6434 2 16 15 -1
2b6438 0 -1 29 14
2b643c 0 3 19 -1
2b6440 1 23 0 0
2b6444 1 18 0 0
2b6448 0 -1 3 0
2b6478 0 2 0 -1
2b647c 0 -1 3 2
2b6484 0 3 19 -1
2b6488 0 2 3 -1
2b648c 0 -1 2 0
2b6490 0 2 22 -1
2b6494 0 2 2 3
2b6498 0 -1 2 0
2b65f8 0 -1 21 0
2b65fc 0 2 19 -1
2b6600 0 3 19 -1
2b6604 0 -1 2 0
2b6608 1 17 0 21
2b660c 0 15 21 -1
2b6610 0 -1 29 15
2b6614 0 19 19 -1
2b6618 1 4 0 3
2b661c 0 2 3 -1
2b6620 0 2 2 -1
2b6624 0 14 0 -1
2b6628 0 -1 2 14
2b662c 0 2 3 -1
2b6630 0 2 2 -1
2b6634 0 3 2 -1
2b6638 0 2 3 -1
2b663c 0 -1 2 0
2b6640 0 2 3 -1
2b6644 0 1 -1 -1
2b6648 1 1 1 2
2b664c 2 2 1 -1
2b6650 0 -1 2 -1
2b6910 2 2 17 -1
2b6914 0 2 2 -1
2b6918 0 1 -1 -1
2b691c 1 1 1 2
2b6920 2 2 1 -1
2b6924 0 -1 17 2
2b6928 0 -1 -1 -1
2b6970 0 2 19 -1
2b6974 0 3 19 -1
2b6978 0 -1 2 0
2b6614 0 19 19 -1
2b6618 1 4 0 3
2b661c 0 2 3 -1
2b6620 0 2 2 -1
2b6624 0 14 0 -1
2b6628 0 -1 2 14
2b697c 0 -1 30 19
2b6980 0 2 16 -1
2b6984 0 14 0 -1
2b6988 0 -1 2 14
2b698c 2 2 16 -1
2b6990 0 2 2 -1
2b6994 0 -1 2 0
2b6998 2 15 29 -1
2b699c 2 14 29 -1
2b69a0 1 2 15 14
2b69a4 2 2 2 -1
2b69a8 0 -1 2 0
2b69ac 2 7 29 -1
2b69b0 1 6 0 0
2b69b4 1 5 0 21
2b69b8 2 4 29 -1
2b69bc 0 3 -1 -1
2b69c0 0 3 3 -1
2b69c4 2 2 5 -1
2b69c8 0 2 2 -1
2b69cc 1 2 2 3
2b69d0 2 2 2 -1
2b69d4 0 6 6 -1
2b69d8 0 3 3 -1
2b69dc 0 -1 4 2
2b69e0 0 4 4 -1
2b69e4 0 2 6 -1
2b69e8 0 -1 2 0
2b69c4 2 2 5 -1
2b69c8 0 2 2 -1
2b69cc 1 2 2 3
2b69d0 2 2 2 -1
2b69d4 0 6 6 -1
2b69d8 0 3 3 -1
2b69dc 0 -1 4 2
2b69e0 0 4 4 -1
2b69e4 0 2 6 -1
2b69e8 0 -1 2 0
2b69c4 2 2 5 -1
2b69c8 0 2 2 -1
2b69cc 1 2 2 3
2b69d0 2 2 2 -1
2b69d4 0 6 6 -1
2b69d8 0 3 3 -1
2b69dc 0 -1 4 2
2b69e0 0 4 4 -1
2b69e4 0 2 6 -1
2b69e8 0 -1 2 0
2b69c4 2 2 5 -1
2b69c8 0 2 2 -1
2b69cc 1 2 2 3
2b69d0 2 2 2 -1
2b69d4 0 6 6 -1
2b69d8 0 3 3 -1
2b69dc 0 -1 4 2
2b69e0 0 4 4 -1
2b69e4 0 2 6 -1
2b69e8 0 -1 2 0
2b69ec 2 3 28 -1
2b69f0 0 2 0 -1
2b69f4 0 2 2 23